6.01999e+08  4.4009e+10  4.97166e+11  2.42546e+11  6.87125e+11  (0, 3) (5, 213) (9, 295) (9, 304) (10, 300) 
7.10493e+08  3.98064e+10  4.33311e+11  1.20579e+12  5.2879e+11  (0, 4) (5, 213) (10, 298) (10, 301) (10, 303) 
3.0175e+08  3.93629e+10  1.37547e+11  2.83147e+11  3.19577e+11  6.72237e+11  (0, 1) (5, 213) (10, 286) (10, 296) (10, 298) (10, 301) 
4.36609e+08  5.22129e+10  5.3769e+11  1.4558e+11  1.37602e+11  5.10492e+11  (0, 5) (5, 213) (10, 299) (11, 286) (11, 297) (11, 302) 
7.28871e+08  5.0521e+10  1.4289e+11  1.45847e+11  5.10328e+11  (0, 4) (5, 213) (11, 294) (11, 298) (11, 303) 
1.19944e+09  3.64312e+10  3.53319e+11  2.58933e+11  1.84161e+11  (0, 1) (5, 213) (11, 300) (11, 302) (12, 304) 
1.18003e+09  4.41761e+10  1.98997e+11  1.6452e+11  2.05044e+11  (0, 1) (5, 213) (11, 303) (12, 296) (12, 300) 
1.18943e+09  4.6391e+10  1.74006e+11  6.92058e+10  5.84309e+10  (0, 1) (5, 213) (12, 297) (12, 300) (12, 309) 
1.62213e+09  5.08127e+10  (0, 6) (5, 213) 
3.6343e+08  4.65162e+10  (0, 5) (5, 213) 
7.04896e+08  4.58646e+10  1.17829e+10  3.74657e+10  (0, 15) (5, 213) (14, 293) (14, 303) 
4.93828e+08  4.31316e+10  2.70016e+10  (0, 2) (5, 213) (14, 302) 
2.42048e+08  4.3515e+10  2.43323e+10  6.6763e+10  (0, 0) (5, 213) (14, 304) (14, 308) 
2.72758e+08  4.66983e+10  (0, 1) (5, 213) 
